987 1392 4
850 1329 4
551 1404 4
544 1093 3
514 1228 1
834 1010 3
631 1182 2
687 1247 4
847 1361 3
581 1091 4
918 1300 4
934 1435 4
782 1404 3
665 1413 3
616 1026 4
617 1477 3
926 1011 2
626 1410 4
660 1299 2
538 1002 4
666 1469 3
518 1124 3
923 1078 3
641 1052 1
962 1465 3
923 1070 2
522 1230 4
910 1154 1
675 1292 4
934 1273 2
824 1243 4
857 1497 4
507 1098 4
641 1192 4
578 1284 4
628 1163 4
704 1236 2
923 1015 3
583 1255 3
734 1341 3
902 1488 3
655 1316 3
703 1104 4
824 1415 4
818 1380 1
982 1331 3
620 1047 2
943 1229 1
906 1399 2
630 1273 2
628 1272 3
569 1238 2
594 1422 4
650 1423 1
977 1379 3
755 1105 2
733 1099 4
944 1114 3
702 1457 3
767 1247 4
580 1073 3
723 1195 2
715 1249 2
832 1388 4
900 1468 1
570 1464 3
715 1150 3
593 1395 2
819 1183 2
961 1366 3
944 1326 2
551 1070 3
726 1254 2
677 1040 3
990 1400 2
514 1043 2
670 1131 4
908 1051 1
621 1485 2
657 1402 1
983 1252 4
862 1387 1
